000000000000000000000000
000000000000000000000000
000000000000000000000000
000000000000000000000000
000000000000000000000000
000000000000000000000000
000000000000000000000010
000000000000000000000010
000000000000000000000111
000000000000000000000110
000000000000000000001101
000000000000000000001011
000000000000000000010010
000000000000000000001111
000000000000000000001110
000000000000000000010011
111111111111111111110010
000000000000001001001100
000000000000100101011101
000000000001010101110000
000000000010011100100110
000000000011111010010111
000000000101110001010111
000000001000000001111001
000000001010100110010000
000000001101010101110101
000000010000000110111111
000000010010110001111110
000000010101001111100101
000000010111011001000001
000000011001000110111101
000000011010010010001110
000000011010111001010110
000000011010111110111111
000000011010101011100100
000000011010000101100010
000000011001001111111100
000000011000010110100001
000000010111011111101110
000000010110101101011000
000000010110000010000000
000000010101011011011100
000000010100111000111100
000000010100010110110010
000000010011110010010001
000000010011001001100010
000000010010011001011101
000000010001100010101001
000000010000100110001000
000000001111101001110110
000000001110110101111010
000000001110010000100011
000000001101111011111000
000000001101111001011011
000000001110001011111011
000000001110101111110100
000000001111011110010111
000000010000001110101110
000000010000111010110101
000000010001011110101010
000000010001110111000101
000000010010000010000010
000000010001111011110110
000000010001100010100011
000000010000111100010001
000000010000010010111110
000000001111101100101000
000000001111001111000011
000000001110111111111011
000000001111000110101000
000000001111101011110001
000000010000101111010000
000000010010000011101001
000000010011011101010111
000000010100110101100101
000000010110001001100101
000000010111011010010001
000000011000100101010010
000000011001101010010100
000000011010100110011100
000000011011011001010010
000000011100000101001001
000000011100101011011101
000000011101001110000110
000000011101101110011110
000000011110010001111101
000000011110111101101001
000000011111110011110100
000000100000110110011101
000000100010001001100111
000000100011101110101100
000000100101100000000101
000000100111010110100000
000000101001001100001110
000000101010111101001101
000000101100100111101111
000000101110001010111110
000000101111100100111110
000000110000110010100000
000000110001110001011000
000000110010100100101000
000000110011010001100111
000000110011111100100010
000000110100101000011111
000000110101010100111001
000000110110000001010100
000000110110101111110001
000000110111011110011101
000000111000001011010100
000000111000110111100000
000000111001100000101001
000000111010000011010111
000000111010100001101100
000000111010111010101101
000000111011001011101000
000000111011010101100001
000000111011011011101100
000000111011100010011110
000000111011101010111101
000000111011110011101010
000000111011111101100100
000000111100001000110111
000000111100010000011110
000000111100010000111010
000000111100001001000111
000000111011111001001110
000000111011100100011110
000000111011001011111100
000000111010110000011101
000000111010010011110100
000000111001110100101101
000000111001010010111101
000000111000110010010100
000000111000010010111111
000000110111110011101110
000000110111010110000111
000000110110111010000000
000000110110011111000100
000000110110000110001101
000000110101110000100110
000000110101011110011011
000000110101010000001011
000000110101001000000110
000000110101001000001100
000000110101010100100101
000000110101110010011001
000000110110100001110011
000000110111011100100011
000000111000011010000111
000000111001010011110000
000000111010000010100101
000000111010100001000010
000000111010101011100011
000000111010011110101111
000000111001111011100010
000000111001001000010010
000000111000001011101110
000000110111001001111101
000000110110001000101000
000000110101001101110101
000000110100011010001100
000000110011101100010001
000000110011000001101101
000000110010010100100100
000000110001011110100111
000000110000011101000111
000000101111001101011101
000000101101101110001011
000000101100000000110011
000000101010001010101000
000000101000010101100100
000000100110101010100011
000000100101010000111110
000000100100001100100010
000000100011011011111000
000000100010111110000110
000000100010110001000001
000000100010101100011110
000000100010101010010000
000000100010101010010100
000000100010101011101110
000000100010101101111100
000000100010101111101011
000000100010101011111101
000000100010011100110011
000000100001111101011110
000000100001001111010000
000000100000010111100010
000000011111011100001110
000000011110100100110101
000000011101110111011111
000000011101010111110010
000000011101001001000011
000000011101001001111011
000000011101010011010000
000000011101011101111011
000000011101100010110011
000000011101011010000111
000000011101000001000000
000000011100011010010001
000000011011100110101110
000000011010100101101001
000000011001010101101010
000000010111110010010011
000000010101111010011101
000000010011110010101011
000000010001100101010001
000000001111011101010110
000000001101100000101001
000000001011110000110111
000000001010001101011010
000000001000110011111010
000000000111100000100111
000000000110010000010000
000000000101000000000110
000000000011101111110011
000000000010100001000101
000000000001010111110000
000000000000011000100011
111111111111100111111100
111111111111001001010101
111111111110111100011010
111111111110111110011110
111111111111001101000001
111111111111100111000000
000000000000001100001011
000000000000111011100001
000000000001101110101111
000000000010011010111100
000000000010111000100010
000000000011001000100111
000000000011001101101001
000000000011000111100000
000000000010111010110000
000000000010101110100010
000000000010101010111000
000000000010110111110110
000000000011011010001000
000000000100010011101010
000000000101100000110000
000000000110111001011000
000000001000010111000001
000000001001110010000111
000000001011000100101110
000000001100001100111001
000000001101001011100111
000000001110000100001001
000000001110111001000000
000000001111101111000110
000000010000101101101111
000000010001111100110101
000000010011011101100011
000000010101001011001001
000000010111000000010011
000000011000110101101010
000000011010100101010110
000000011100001011000000
000000011101100010011111
000000011110101011111101
000000011111100110111010
000000100000010000111010
000000100000101101001010
000000100000111101111100
000000100001000011011100
000000100000111111100111
000000100000110111011000
000000100000101111001001
000000100000101010000110
000000100000101110101001
000000100001000000000111
000000100001011110001111
000000100010000101000010
000000100010110000111001
000000100011100000010010
000000100100010001100000
000000100101000011010100
000000100101110100010101
000000100110100001010101
000000100111000110111111
000000100111100101010000
000000100111111101100000
000000101000010010010110
000000101000100010101100
000000101000101010000101
000000101000101000010111
000000101000100011101000
000000101000100100001010
000000101000110010010000
000000101001010101100010
000000101010010000001000
000000101011100000001000
000000101101000001011100
000000101110101001001100
000000110000001100100001
000000110001100110011001
000000110010110011011101
000000110011110010111010
000000110100100001011010
000000110100111110100011
000000110101010010010100
000000110101100101100101
000000110110000001111000
000000110110101000000001
000000110111010011001001
000000111000000011101110
000000111000111010110100
000000111001111001000010
000000111010111111011001
000000111100001011110010
000000111101011001101001
000000111110100010111100
000000111111100010011110
000001000000010001100000
000001000000101000111011
000001000000101100100110
000001000000100111111011
000001000000100011110010
000001000000100000010110
000001000000011101100111
000001000000011110110110
000001000000100101011011
000001000000110010011010
000001000001000001111110
000001000001001101100001
000001000001010010101100
000001000001010000000001
000001000001000101100011
000001000000110110101010
000001000000100011110100
000001000000001111110101
000000111111111000111011
000000111111011100110001
000000111110111101001111
000000111110011100100101
000000111101111110110110
000000111101100010101111
000000111101000011101110
000000111100010111111110
000000111011011011010101
000000111010010001110100
000000111001000000011111
000000110111101100101010
000000110110011100000010
000000110101010001001010
000000110100001101100011
000000110011010010010010
000000110010011011111111
000000110001101000110000
000000110000110110000011
000000110000000011011001
000000101111010000010010
000000101110011101010101
000000101101101100010001
000000101101000011011010
000000101100100011111000
000000101100000111010100
000000101011101010010111
000000101011000111101111
000000101010100001101111
000000101001111100011101
000000101001011011100011
000000101001000010010011
000000101000101110010110
000000101000011110000100
000000101000010001010101
000000101000000110100010
000000100111111010100011
000000100111101001110010
000000100111010011110111
000000100110111010011010
000000100110011110010110
000000100110000010011010
000000100101101000110010
000000100101010100111000
000000100101000100111100
000000100100110101100010
000000100100100011100000
000000100100001011001010
000000100011101101111100
000000100011001001011000
000000100010100000100011
000000100001110111010101
000000100001001010010110
000000100000011011110011
000000011111101111011111
000000011111001000101000
000000011110101010110011
000000011110010101000101
000000011110000110010010
000000011101111101101000
000000011101111001101110
000000011101111111001011
000000011110010010010101
000000011110110001011101
000000011111011000101000
000000100000000100010110
000000100000110010101010
000000100001100100001010
000000100010011001010110
000000100011001110011011
000000100011111111001011
000000100100100110101101
000000100100111111100001
000000100101000101111011
000000100100111000100110
000000100100011001010001
000000100011101011111101
000000100010110101111101
000000100001111100001101
000000100001000010100001
000000100000001011011011
000000011111011010100001
000000011110110011100001
000000011110010110110001
000000011110000001111010
000000011101110101100011
000000011101110011111111
000000011101111101101110
000000011110010001101000
000000011110101101011000
000000011111001010110100
000000011111100101111011
000000011111111100101111
000000100000001101000011
000000100000010111001101
000000100000011001010101
000000100000010100010100
000000100000001010000110
000000011111111100011001
000000011111101111010101
000000011111100110010110
000000011111100000010011
000000011111011100011001
000000011111011010101001
000000011111010111100010
000000011111010100010001
000000011111010000110101
000000011111001011111001
000000011111000110100011
000000011111000011100111
000000011111000101001111
000000011111001011101000
000000011111010110101110
000000011111100011110110
000000011111110000000001
000000011111111000011001
000000011111111110000010
000000100000000010101011
000000100000001000010100
000000100000010011000100
000000100000100110101000
000000100001000001011000
000000100001011100100110
000000100001110001010100
000000100001111100001000
000000100010000001111111
000000100010000100101111
000000100010000110011110
000000100010001000110110
000000100010001100001100
000000100010010001110101
000000100010010110100000
000000100010011010100101
000000100010011101001001
000000100010011100101010
000000100010011000110101
000000100010010000110011
000000100010000110001110
000000100001111010100100
000000100001101101100001
000000100001011110110001
000000100001010000010100
000000100001000100010000
000000100000111110101101
000000100001000111111101
000000100001100101110011
000000100010010110111010
000000100011010111110000
000000100100100001100000
000000100101101110010100
000000100110111010010010
000000101000000001000011
000000101001000010011101
000000101001111101011001
000000101010101111111010
000000101011010110110010
000000101011101110101010
000000101011111001010100
000000101011111000111010
000000101011101111100110
000000101011011100111010
000000101011000001011100
000000101010100100010011
000000101010001100001110
000000101001111111101110
000000101001111111110010
000000101010000111100110
000000101010010011110010
000000101010011111010011
000000101010100110010100