000000000000000000000000
000000000000000000000000
000000000000000000000000
000000000000000000000000
000000000000000000000000
000000000000000100000000
111111111111111100000000
000000000000001000000000
111111111111110100000000
000000000000010000000000
111111111111110000000000
000000000000010000000000
111111111111110000000000
000000000000000100000000
000000000000001100000000
111111111111000000000000
000000010000110100000000
000000011101100000000000
000000011100001100000000
000000011111000000000000
000000011111110000000000
000000100101100100000000
000000101001010100000000
000000100100100000000000
000000011101101000000000
000000010111011000000000
000000010101111100000000
000000010101000000000000
000000010100001100000000
000000010000000100000000
000000001011010100000000
000000001100111000000000
000000010010101000000000
000000011101001100000000
000000100000010000000000
000000011100011000000000
000000010111000000000000
000000010000111100000000
000000010010100000000000
000000010001111000000000
000000001100100000000000
000000000111001100000000
000000000001000000000000
000000000101011000000000
000000001010110100000000
000000001010110100000000
000000001011001000000000
000000001010101100000000
000000010001101000000000
000000011101011100000000
000000100100010000000000
000000011110001000000000
000000010110110000000000
000000010001110000000000
000000001101001100000000
000000001100001000000000
000000001001001100000000
000000001011010000000000
000000001000101000000000
000000001001010000000000
000000001110000000000000
000000001100110000000000
000000001100100100000000
000000001110101000000000
000000010101100000000000
000000011001011100000000
000000011100100000000000
000000100000010000000000
000000100001100100000000
000000100100001000000000
000000100000100100000000
000000010101101000000000
000000010001010100000000
000000010011001000000000
000000011010000100000000
000000100001101100000000
000000100011010100000000
000000100010110000000000
000000100001011000000000
000000100000101000000000
000000100000011000000000
000000100011111000000000
000000100101111100000000
000000100100110000000000
000000100110111000000000
000000101100001000000000
000000101101111100000000
000000101111110100000000
000000111000100100000000
000000111011110000000000
000000111001011100000000
000000111011000000000000
000000111000000000000000
000000110010101100000000
000000101110010000000000
000000101100011100000000
000000101110110100000000
000000101111111000000000
000000110001110100000000
000000111010000000000000
000001000010111000000000
000001000100010000000000
000001000101000000000000
000001000010100000000000
000000111101111000000000
000000111100010100000000
000000111000110000000000
000000110110000100000000
000000110100000000000000
000000110010101000000000
000000110100101000000000
000000111011000100000000
000000111110101100000000
000000111111001000000000
000001000011010100000000
000001000110110000000000
000001000111010000000000
000001000011110000000000
000000111100011100000000
000000110110001100000000
000000110001001100000000
000000101100010000000000
000000101011100000000000
000000110001000100000000
000000111000000100000000
000000111110100100000000
000001000000111000000000
000001000000011000000000
000001000000001000000000
000000111001110000000000
000000110011010100000000
000000110001100100000000
000000101110000000000000
000000101100010000000000
000000101100111000000000
000000101100000000000000
000000101110000100000000
000000110101000100000000
000000111101100000000000
000001000000100000000000
000001000001010100000000
000001000100001100000000
000001000010100000000000
000001000000010000000000
000001000001011000000000
000000111101011100000000
000000110101110000000000
000000101111100000000000
000000101101100000000000
000000110000000100000000
000000110010010000000000
000000110000110000000000
000000101110111100000000
000000110000011100000000
000000110110011000000000
000000111011110000000000
000000111000010000000000
000000110100000100000000
000000110001101100000000
000000101101010100000000
000000101001100000000000
000000100011111000000000
000000011110000000000000
000000011000110000000000
000000010110011000000000
000000010111111000000000
000000011011111000000000
000000100000000100000000
000000100011110000000000
000000101001011100000000
000000101101010000000000
000000110001111100000000
000000110001000100000000
000000100110111000000000
000000011110000000000000
000000011000001100000000
000000010011010100000000
000000010011100000000000
000000011011111100000000
000000100010101000000000
000000100111010000000000
000000101010001100000000
000000100101001100000000
000000011101001100000000
000000010100011100000000
000000010010101000000000
000000010101010100000000
000000011000010100000000
000000011110100000000000
000000100000101000000000
000000100001101000000000
000000100010111100000000
000000100010111000000000
000000100001101100000000
000000011110010100000000
000000010111101100000000
000000001110111000000000
000000001010001000000000
000000000111111100000000
000000000100110000000000
000000000001100000000000
111111111110100100000000
111111111100100000000000
000000000000000100000000
000000001001100100000000
000000010010001000000000
000000010101111000000000
000000010000100000000000
000000000100011100000000
111111111100100100000000
111111110101111000000000
111111101111010000000000
111111101100111000000000
111111101101000100000000
111111110010110000000000
111111111100101100000000
000000001000100100000000
000000001111000000000000
000000010001010000000000
000000010010110100000000
000000001110110100000000
000000001000010100000000
000000000011110100000000
111111111111001100000000
111111111010001000000000
111111111000011100000000
111111110100101100000000
111111110010010000000000
111111111001010100000000
000000000110011100000000
000000001111010100000000
000000001111100000000000
000000010001101100000000
000000010100101000000000
000000010100010100000000
000000010010110100000000
000000001101111100000000
000000001110001100000000
000000001011110100000000
000000000101011000000000
000000001000100100000000
000000001011000000000000
000000001100100000000000
000000010010101100000000
000000011010111100000000
000000100000101100000000
000000100100110000000000
000000101001111100000000
000000101010010000000000
000000101000110100000000
000000100011111000000000
000000100000011000000000
000000011100011000000000
000000010110010100000000
000000010111001100000000
000000011010111000000000
000000011111101000000000
000000100100001100000000
000000100111100000000000
000000101000001000000000
000000100111101000000000
000000100101100000000000
000000100000101000000000
000000011011010100000000
000000011010111100000000
000000011101001000000000
000000011111100000000000
000000100111000000000000
000000101101100100000000
000000101111010000000000
000000101101111000000000
000000101011110100000000
000000101101110100000000
000000110000011100000000
000000101100111000000000
000000100111110000000000
000000100000100000000000
000000011011010100000000
000000011110000000000000
000000100100101000000000
000000101100100100000000
000000101101011000000000
000000101001100000000000
000000101100001100000000
000000110010111100000000
000000111001110100000000
000001000000001000000000
000001000001101100000000
000000111101110100000000
000000111011010000000000
000000111010010100000000
000000110000001100000000
000000100100111100000000
000000100101010000000000
000000101101000000000000
000000110110111000000000
000000111001111100000000
000000111100101000000000
000001000011110100000000
000001000111100000000000
000001001011101000000000
000001001000011000000000
000001000001000000000000
000000111110110000000000
000000111011111100000000
000000111010111000000000
000000111101010100000000
000000111111110100000000
000001000010110100000000
000001000000111000000000
000000111110010000000000
000000111111101100000000
000000111101101100000000
000001000000111100000000
000001001000101100000000
000001001001110000000000
000001000011011100000000
000000111111001000000000
000000111110001000000000
000000111110110100000000
000000111111110000000000
000000111111011100000000
000000111101100000000000
000000111101000100000000
000000111101101000000000
000000111110000100000000
000001000000001100000000
000000111101000100000000
000000111110001000000000
000000111011101100000000
000000111000110100000000
000000111001010000000000
000000111101001100000000
000000111110101100000000
000000110100001000000000
000000101101001000000000
000000100100011100000000
000000100011001000000000
000000101010111000000000
000000110000001100000000
000000110100000100000000
000000111000101100000000
000000111000100000000000
000000110101011100000000
000000110010000000000000
000000101000110000000000
000000100011000000000000
000000100010011000000000
000000100001101000000000
000000100100000100000000
000000100111110100000000
000000101001100000000000
000000101111110100000000
000000101111011000000000
000000101101000000000000
000000101011011100000000
000000100110111100000000
000000101000000100000000
000000100100011000000000
000000100100011000000000
000000100110011000000000
000000011111011100000000
000000100000001100000000
000000100101111000000000
000000100111111000000000
000000101011000000000000
000000100111111000000000
000000100101000100000000
000000100101110000000000
000000100010001100000000
000000100001100100000000
000000100010110000000000
000000100010100100000000
000000100000111000000000
000000011110100100000000
000000011011111100000000
000000011010111000000000
000000011100100100000000
000000011011000000000000
000000011110101100000000
000000100001000000000000
000000011110001100000000
000000011101011100000000
000000011011101000000000
000000011101011100000000
000000011111100000000000
000000100000000100000000
000000011111111100000000
000000011101110000000000
000000011111000100000000
000000100111101100000000
000000101101011000000000
000000101010010000000000
000000100110001100000000
000000100100100000000000
000000100110000000000000
000000101010000100000000
000000101011000100000000
000000100111111100000000
000000100000001100000000
000000011010001100000000
000000011000001000000000
000000010110000000000000
000000010111011000000000
000000011000100100000000
000000011011111000000000
000000100000111100000000
000000100100001100000000
000000100110001100000000
000000100010011100000000
000000011011110000000000
000000011011001100000000
000000011110010000000000
000000011101011000000000
000000011111110100000000
000000100010100100000000
000000100000111000000000
000000100001000000000000
000000100011010100000000
000000100010100100000000
000000100010101000000000
000000100001101000000000
000000011111101100000000
000000011110101100000000
000000011010000100000000
000000011000111100000000
000000011000011000000000
000000011001100100000000
000000011111110100000000
000000101000101100000000
000000101010001000000000
000000100101101100000000
000000100000101000000000
000000011010101000000000
000000011010110100000000
000000011001010100000000
000000011010000100000000
000000011100111000000000
000000100000010100000000
000000100101000100000000
000000100101000100000000
000000100101110100000000
000000100010111000000000
000000011110111100000000
000000011110101100000000
000000100001001000000000
000000100011011000000000
000000100100010000000000
000000100100110000000000
000000100100000000000000
000000100010111000000000
000000011110111000000000
000000011010111100000000
000000011100111100000000
000000100101100100000000
000000101000011000000000
000000101000100100000000
000000100110011000000000
000000100010100000000000
000000100000110000000000
000000011100100000000000
000000011110101000000000
000000100001010000000000
000000100010011100000000
000000100001100000000000
000000011101010100000000
000000011110010100000000
000000100000001100000000
000000011111000000000000
000000011110111100000000
000000100010110000000000
000000101000001000000000
000000101111010100000000
000000110111001100000000
000000110101101100000000
000000110000101000000000
000000101101001000000000
000000101000010000000000
000000100111110000000000
000000101000100100000000
000000101010001000000000
000000101100001000000000
000000101011100100000000
000000101010101100000000
000000101000111000000000
000000101000100100000000
000000101010100000000000
000000101011000000000000
000000101101010000000000
000000101000110000000000
000000100011000100000000
000000101000010000000000
000000101011010100000000
000000101110110000000000
000000110010001000000000
000000101110110100000000
000000101100111000000000
000000101001010100000000
000000100100000100000000
000000100011010000000000